%YAML:1.0

cam0:
  T_imu_cam:
    - [-0.00399597,  0.03610835,  0.99933989,  1.14080141]
    - [-0.99991243,  0.01246384, -0.00444861, -0.19920164]
    - [-0.01261624, -0.99927015,  0.03605539,  1.64578202]
    - [ 0.00000000,  0.00000000,  0.00000000,  1.00000000]
  cam_overlaps: []
  camera_model: pinhole
  distortion_model: radtan
  distortion_coeffs: [-0.35074076947866184, 0.13006413664970637, -0.0006443160673347109, 0.0011101385575048135]
  intrinsics: [1033.3719146304475, 1032.3075702362012, 886.0650849905641, 448.67930139693806]
  resolution: [1920, 1080]
  rostopic: /tbuggy/camera_front/image_raw
  timeshift_cam_imu: 0.0
